# oST version 5.0 parameters


[image]

width
640

height
480

[narrow_stereo]

camera matrix
379.889241 0.000000 323.965263
0.000000 381.375448 245.306397
0.000000 0.000000 1.000000

distortion
-0.281123 0.064585 0.000441 0.000316 0.000000

rectification
1.000000 0.000000 0.000000
0.000000 1.000000 0.000000
0.000000 0.000000 1.000000

projection
284.726760 0.000000 327.608800 0.000000
0.000000 332.170542 247.635369 0.000000
0.000000 0.000000 1.000000 0.000000
